-2.725819349288940430e+00
-1.297632217407226562e+01
-2.172326469421386719e+01
6.195302009582519531e-01
-3.910874843597412109e+00
-4.887094020843505859e+00
-2.191468477249145508e+00
-3.247305452823638916e-01
-7.790376663208007812e+00
-2.984605789184570312e+00
-3.056170225143432617e+00
-2.076570749282836914e+00
-2.407074689865112305e+00
-4.094027519226074219e+00
-1.770375967025756836e-01
-2.801746845245361328e+00
-1.218595695495605469e+01
-3.497505187988281250e+00
-8.273185491561889648e-01
-1.431801033020019531e+01
-5.100247859954833984e-01
-9.121543169021606445e-01
-1.713579750061035156e+01
-7.994165420532226562e-01
-2.599000930786132812e+01
-1.608953857421875000e+01
-1.993174076080322266e+00
-4.809908866882324219e-01
-3.345723152160644531e+00
-2.733734607696533203e+00
-2.374344444274902344e+01
-3.095739364624023438e+01
-6.322951793670654297e+00
-7.531712532043457031e+00
-1.130869483947753906e+01
-2.622454404830932617e+00
-1.929855585098266602e+00
-1.029264259338378906e+01
-2.631661653518676758e+00
-7.552377581596374512e-01
-3.497505187988281250e+00
-1.088640594482421875e+01
-1.620165824890136719e+00
-1.834615349769592285e+00
-1.144115686416625977e+00
-2.990550613403320312e+01
-1.519388914108276367e+00
-2.671353340148925781e+01
-2.562005519866943359e+00
-3.849944591522216797e+00
-2.533088922500610352e+00
-1.016631889343261719e+01
-2.689249801635742188e+01
-3.503733158111572266e+00
-1.706231594085693359e+00
-4.297477722167968750e+00
-1.641095399856567383e+00
-1.307140350341796875e+01
-4.903050422668457031e+00
-2.573950529098510742e+00
-1.360225105285644531e+01
-1.428490257263183594e+01
-1.051465630531311035e+00
-6.838915824890136719e+00
-2.684085845947265625e+01
-5.123541355133056641e+00
-4.690790772438049316e-01
-2.682453095912933350e-01
-1.752281188964843750e+00
-2.050924539566040039e+00
-4.451774120330810547e+00
-7.324309349060058594e+00
-2.313446521759033203e+00
-4.776785850524902344e+00
-2.125579833984375000e+01
-1.214827179908752441e+00
-2.214236021041870117e+00
-1.182926654815673828e+01
-8.724381446838378906e+00
-9.060178756713867188e+00
-1.105481863021850586e+00
-2.747872829437255859e+00
-1.207840824127197266e+01
-2.961107063293457031e+01
-4.731099605560302734e+00
-1.074216079711914062e+01
-5.179254412651062012e-01
-4.329125213623046875e+01
-3.408478260040283203e+00
-2.477267456054687500e+01
-1.725844573974609375e+01
-1.606036901473999023e+00
-1.302801728248596191e+00
-5.562430620193481445e-01
-4.297479152679443359e+00
-1.870357275009155273e+00
-3.187399864196777344e+00
-6.182259559631347656e+00
-1.297632217407226562e+01
6.848111152648925781e-01
-2.821309566497802734e+00
-1.947845840454101562e+01
-2.517839670181274414e+00
-8.829325437545776367e-01
-1.030566120147705078e+01
-2.671691894531250000e+00
-1.136358547210693359e+01
-2.514939546585083008e+00
-2.535828828811645508e+00
-8.078996658325195312e+00
-5.585965633392333984e+00
-2.103031921386718750e+01
-1.543750524520874023e+00
-5.169575691223144531e+00
-1.648654747009277344e+01
-4.276746273040771484e+00
-4.623787879943847656e+00
-4.487479209899902344e+00
-7.119721770286560059e-01
-2.752747058868408203e+00
-5.073328495025634766e+00
-1.970310974121093750e+01
-8.207482337951660156e+00
-5.413362026214599609e+00
-1.454524874687194824e+00
-2.553984832763671875e+01
-2.860592842102050781e+00
-6.524909973144531250e+00
-2.654403686523437500e+00
-8.492511749267578125e+00
-1.939379882812500000e+01
-1.437802314758300781e+01
-1.926527214050292969e+01
-2.720839262008666992e+00
-2.032180309295654297e+00
-5.075961112976074219e+00
-3.318965673446655273e+00
-1.383484268188476562e+01
-3.357754647731781006e-01
-5.462073802947998047e+00
-3.295582771301269531e+00
-1.482197999954223633e+00
-2.810493707656860352e+00
-1.648019313812255859e+00
-2.341479778289794922e+00
-2.193863153457641602e+00
-9.609144210815429688e+00
-3.680283069610595703e+00
-2.097385644912719727e+00
-4.852074980735778809e-01
9.175009727478027344e-01
-2.745285511016845703e+00
-8.362852931022644043e-01
-8.657779693603515625e+00
-1.204285144805908203e+00
-3.958388805389404297e+00
-5.660408020019531250e+00
-2.924970626831054688e+00
-7.516165733337402344e+00
-7.896300792694091797e+00
-6.703745841979980469e+00
-5.117877960205078125e+00
-9.882442355155944824e-01
-2.901564788818359375e+01
-3.258107757568359375e+01
-8.613747596740722656e+00
-4.297479152679443359e+00
-6.870944499969482422e-01
-1.065810298919677734e+01
-4.536894798278808594e+00
-2.753736734390258789e+00
-7.622708320617675781e+00
-1.284020042419433594e+01
-7.567851066589355469e+00
-8.420949935913085938e+00
-2.293443489074707031e+01
-1.943137884140014648e+00
-2.077403068542480469e+01
-1.189690589904785156e+00
-7.349563598632812500e+00
-6.110710144042968750e+00
-4.967425465583801270e-01
-1.158057975769042969e+01
-2.217134714126586914e+00
-5.217887401580810547e+00
-1.355274486541748047e+01
-1.663557291030883789e+00
-5.280865669250488281e+00
-2.158021545410156250e+01
-1.004161834716796875e+01
-1.637092208862304688e+01
-4.408265113830566406e+00
1.581333577632904053e-01
-4.941720008850097656e+00
-3.823501110076904297e+00
-1.067716240882873535e+00
-1.387489676475524902e+00
-2.573950529098510742e+00
-6.176365852355957031e+00
-7.213901042938232422e+00
-3.516151905059814453e-01
-4.514586448669433594e+00
-8.012372970581054688e+00
-7.426259994506835938e+00
-8.121358871459960938e+00
-3.302725076675415039e+00
-1.426630973815917969e+00
-3.175029277801513672e+00
2.204810142517089844e+00
-1.126771926879882812e+00
-2.874161005020141602e+00
-2.619673907756805420e-01
-4.279335498809814453e+00
-8.718982338905334473e-01
-6.824451446533203125e+00
2.020442485809326172e+00
-4.514170289039611816e-01
-7.100617885589599609e+00
-4.263639450073242188e+00
-1.601200580596923828e+00
-4.883962154388427734e+00
-2.325165033340454102e+00
-5.981305122375488281e+00
-7.562974095344543457e-01
-8.411796092987060547e-01
-6.699535369873046875e+00
-7.731843948364257812e+00
-2.245745086669921875e+01
-3.572438812255859375e+01
-2.067091703414916992e+00
-3.973934650421142578e+00
-9.068805694580078125e+00
-1.579543709754943848e+00
-1.998234558105468750e+01
-5.045747160911560059e-01
-8.640872955322265625e+00
-2.515333747863769531e+01
-2.578453063964843750e+00
-2.246619701385498047e+00
-1.810145568847656250e+01
-4.713215827941894531e-01
-1.094223785400390625e+01
-2.120065116882324219e+01
-3.443978786468505859e+00
-8.591082096099853516e-01
-1.271570682525634766e+01
-2.557157993316650391e+00
-6.523143053054809570e-01
-1.335360169410705566e+00
-1.749793243408203125e+01
-1.989411592483520508e+00
-1.215364074707031250e+01
-3.445332527160644531e+00
-2.611548995971679688e+01
-3.819225788116455078e+00
-6.367354393005371094e+00
-5.358897209167480469e+00
-1.333059787750244141e+00
-1.467770099639892578e+00
-4.250756263732910156e+00
-3.497505187988281250e+00
-4.536472320556640625e+00
-1.431318378448486328e+01
-2.037097692489624023e+00
-1.453145980834960938e+00
-1.807654142379760742e+00
-1.625183075666427612e-01
-4.875088214874267578e+00
-2.749911499023437500e+01
-3.017036437988281250e+01
-6.736537218093872070e-01
-7.043856382369995117e-01
-8.081068396568298340e-01
-7.888728618621826172e+00
-4.237135410308837891e+00
-5.461367964744567871e-01
-1.386354804039001465e+00
-2.288392257690429688e+01
-4.634636878967285156e+00
-9.382501602172851562e+00
-7.843826293945312500e+00
-3.279224395751953125e+00
-1.382297134399414062e+01
-2.583970785140991211e+00
-2.767217397689819336e+00
-1.400938987731933594e+01
-7.687851428985595703e+00
-1.723272323608398438e+01
-2.077859163284301758e+00
-1.168755769729614258e+00
-1.125640392303466797e+00
-5.430423736572265625e+00
-1.571765327453613281e+01
-4.147197008132934570e-01
-1.540431618690490723e+00
-4.472261905670166016e+00
-1.715286731719970703e+00
-7.657174468040466309e-01
-1.607950687408447266e+00
-4.680657386779785156e+00
-2.510421514511108398e+00
-9.889102935791015625e+00
-3.295551300048828125e+00
-5.197305679321289062e+00
-7.051529884338378906e+00
-2.471609115600585938e+00
-6.102851390838623047e+00
-1.283879375457763672e+01
-6.232715845108032227e-01
-8.475828170776367188e+00
-3.332427024841308594e+00
-3.818883419036865234e+00
-2.367291927337646484e+00
-4.379286766052246094e+00
-5.013118267059326172e+00
-5.575778007507324219e+00
-1.414477467536926270e+00
-2.690132904052734375e+01
-3.089438915252685547e+00
-1.104516696929931641e+01
-2.638524532318115234e+00
-1.234215259552001953e+01
-2.191468477249145508e+00
-2.685363590717315674e-01
-6.850321292877197266e-01
-1.948968648910522461e+00
-4.048808574676513672e+00
-7.847716331481933594e+00
-4.620367527008056641e+00
-4.116490840911865234e+00
-1.126445102691650391e+01
-3.237071037292480469e+00
-1.564832878112792969e+01
-1.902818679809570312e+00
-2.483563423156738281e+01
-1.715809106826782227e+00
-4.858267605304718018e-01
-5.934062004089355469e+00
-8.082627296447753906e+00
-7.048703432083129883e-01
-7.762307524681091309e-01
-3.477459907531738281e+00
-6.110577583312988281e+00
-1.034982585906982422e+01
-6.803758144378662109e-01
-1.453148460388183594e+01
-8.293115615844726562e+00
-7.718808650970458984e+00
-4.439668655395507812e-01
-1.066835021972656250e+01
-7.762307524681091309e-01
-3.545438051223754883e+00
-1.192268490791320801e+00
-2.127435922622680664e+00
-1.342399978637695312e+01
-1.853811264038085938e+01
-3.333475589752197266e+00
-1.163742065429687500e+01
-7.057518005371093750e+00
-8.763596534729003906e+00
-1.181178212165832520e+00
-5.164128780364990234e+00
-7.061100006103515625e+00
-2.628506183624267578e+00
-2.347122383117675781e+01
-8.078958511352539062e+00
-6.613236427307128906e+00
-5.854839324951171875e+00
-2.957464027404785156e+01
-7.236194610595703125e-01
-9.118100404739379883e-01
-4.097941398620605469e+00
-1.991218805313110352e+00
-7.460989952087402344e+00
-3.758786773681640625e+01
-9.397642135620117188e+00
-2.612431049346923828e+00
-1.588663339614868164e+00
-9.837416648864746094e+00
-2.305390119552612305e+00
-1.792454910278320312e+01
-4.272169113159179688e+00
-3.711399078369140625e+00
-2.684085464477539062e+01
-1.929753875732421875e+01
-6.230793952941894531e+00
-4.888502597808837891e+00
-3.087298870086669922e-01
-4.681602954864501953e+00
-1.272010993957519531e+01
-1.703165435791015625e+01
-2.573950529098510742e+00
-2.041306686401367188e+01
-9.996112823486328125e+00
-1.093364596366882324e+00
-9.813240051269531250e+00
-6.585799217224121094e+00
-6.230808734893798828e+00
-2.716364860534667969e+01
-1.785654067993164062e+00
