5.285675525665283203e+00
9.803647041320800781e+00
1.183436489105224609e+01
5.174760818481445312e+00
8.924406051635742188e+00
3.908753156661987305e+00
9.913655281066894531e+00
5.492776393890380859e+00
4.255260467529296875e+00
4.378734111785888672e+00
3.298567533493041992e-01
2.792557907104492188e+01
3.210952997207641602e+00
8.429607152938842773e-01
6.737845897674560547e+00
8.856317520141601562e+00
2.990049362182617188e+00
4.131229400634765625e+00
5.279739856719970703e+00
7.747288227081298828e+00
8.880853652954101562e+00
5.573657035827636719e+00
3.669104814529418945e+00
1.261481285095214844e+01
4.715780258178710938e+00
5.449160575866699219e+00
9.678478240966796875e+00
2.010893344879150391e+00
1.461281394958496094e+01
1.028606224060058594e+01
6.504651546478271484e+00
4.852545261383056641e+00
2.013494110107421875e+01
6.516448497772216797e+00
4.426129150390625000e+01
7.637823581695556641e+00
6.478023529052734375e+00
6.288648605346679688e+00
7.083926677703857422e+00
2.859773874282836914e+00
7.683931827545166016e+00
3.485741424560546875e+01
9.599355697631835938e+00
9.476905822753906250e+00
6.720755100250244141e+00
6.248946666717529297e+00
7.538399219512939453e+00
3.402500915527343750e+01
6.937056064605712891e+00
9.152108192443847656e+00
1.351364231109619141e+01
3.414024591445922852e+00
1.899164390563964844e+01
3.945586681365966797e+00
2.874810218811035156e+00
8.396934509277343750e+00
5.279739856719970703e+00
3.432495355606079102e+00
1.202022933959960938e+01
5.108216285705566406e+00
5.158333778381347656e+00
7.387264728546142578e+00
4.932950019836425781e+00
3.135462570190429688e+01
8.409511566162109375e+00
9.786538124084472656e+00
1.657832717895507812e+01
1.165339469909667969e+00
1.317825317382812500e+01
3.976977539062500000e+01
5.957370281219482422e+00
4.081903457641601562e+00
8.534814834594726562e+00
6.005405426025390625e+00
3.662894487380981445e+00
3.474477767944335938e+00
3.709987640380859375e+01
5.279739856719970703e+00
5.279739856719970703e+00
4.975468158721923828e+00
2.080498933792114258e+00
3.576120853424072266e+00
9.421372413635253906e+00
7.681552886962890625e+00
1.834052324295043945e+00
1.607593154907226562e+01
1.013299751281738281e+01
5.599876403808593750e+00
6.647210121154785156e+00
8.805499076843261719e+00
1.773837280273437500e+01
2.087305784225463867e+00
1.048272705078125000e+01
5.557638168334960938e+00
2.107198715209960938e+01
1.570018577575683594e+01
5.887551307678222656e+00
5.650158882141113281e+00
1.772740840911865234e+00
7.758488655090332031e+00
1.478259372711181641e+01
9.795787811279296875e+00
2.876018714904785156e+01
1.028340148925781250e+01
9.882431030273437500e+00
3.268401861190795898e+00
2.549021530151367188e+01
1.675787353515625000e+01
5.067691326141357422e+00
3.902295827865600586e+00
9.985709190368652344e+00
9.309171676635742188e+00
2.370397567749023438e+00
6.848635101318359375e+01
5.846881389617919922e+00
1.510303497314453125e+01
6.958249092102050781e+00
3.599893093109130859e+00
6.398765087127685547e+00
1.020716571807861328e+01
6.094819068908691406e+00
5.711782455444335938e+00
1.295127105712890625e+01
5.279739856719970703e+00
4.319810390472412109e+00
6.058048248291015625e+00
2.005545616149902344e+01
8.593494415283203125e+00
4.472917556762695312e+00
2.560879468917846680e+00
9.269044876098632812e+00
9.035111665725708008e-01
6.119956016540527344e+00
1.377472019195556641e+01
2.780107259750366211e-01
2.172208309173583984e+00
7.909456253051757812e+00
4.842078399658203125e+01
1.623343658447265625e+01
6.445902347564697266e+00
6.926066398620605469e+00
5.390717506408691406e+00
5.026318550109863281e+00
3.387491607666015625e+01
1.831922912597656250e+01
2.697971582412719727e+00
1.155393218994140625e+01
4.376557350158691406e+00
2.003502607345581055e+00
1.657583999633789062e+01
4.647055625915527344e+00
1.932761001586914062e+01
9.145437240600585938e+00
1.932761001586914062e+01
1.003388881683349609e+01
2.314657974243164062e+01
1.045967388153076172e+01
1.385136604309082031e+01
1.308880043029785156e+01
6.348716735839843750e+01
9.309062957763671875e+00
4.008604049682617188e+00
8.398324012756347656e+00
2.585823440551757812e+01
1.250261592864990234e+01
1.863557577133178711e+00
9.985418319702148438e+00
1.721803665161132812e+01
5.618167114257812500e+01
8.692977905273437500e+00
5.840504646301269531e+00
4.927507019042968750e+01
1.281193065643310547e+01
8.350879669189453125e+00
8.956468582153320312e+00
7.198715209960937500e+00
1.833621978759765625e+01
7.737565040588378906e+00
8.692977905273437500e+00
7.812466144561767578e+00
6.083792686462402344e+00
2.921165466308593750e+01
9.728639602661132812e+00
6.169863700866699219e+00
3.130315542221069336e+00
6.042171955108642578e+00
8.862720489501953125e+00
5.339143753051757812e+00
3.677965164184570312e+00
5.067688465118408203e+00
2.963392972946166992e+00
9.169836044311523438e+00
1.015392875671386719e+01
2.977667617797851562e+01
3.801376819610595703e+00
1.048032283782958984e+01
5.270959377288818359e+00
2.003502607345581055e+00
7.152611732482910156e+00
8.037951469421386719e+00
4.975468158721923828e+00
5.369401550292968750e+01
9.062375068664550781e+00
4.204041004180908203e+00
7.162852764129638672e+00
3.066151380538940430e+00
7.455007076263427734e+00
7.389444828033447266e+00
5.054537200927734375e+01
1.173068046569824219e+01
2.037967109680175781e+01
1.539200210571289062e+01
3.718591213226318359e+00
7.550155639648437500e+00
4.047586917877197266e+00
4.280906200408935547e+00
1.932761001586914062e+01
8.446424484252929688e+00
1.058324050903320312e+01
7.531948566436767578e+00
3.132522583007812500e+00
6.132635116577148438e+00
2.129873275756835938e+01
1.149860763549804688e+01
7.776337623596191406e+00
1.676953077316284180e+00
8.401697158813476562e+00
9.108669281005859375e+00
5.377194404602050781e+00
8.692977905273437500e+00
4.224008083343505859e+00
4.718080043792724609e+00
4.790896606445312500e+01
2.552622795104980469e+00
4.429927349090576172e+00
1.087493515014648438e+01
1.199114704132080078e+01
5.628822326660156250e+00
2.003502607345581055e+00
7.105572223663330078e+00
2.031270027160644531e+00
9.249582290649414062e+00
8.502568244934082031e+00
3.486779689788818359e+00
8.855373382568359375e+00
1.818355941772460938e+01
2.494508504867553711e+00
1.233126640319824219e+01
8.131589889526367188e+00
5.872719764709472656e+00
1.969190788269042969e+01
7.743944168090820312e+00
8.035463333129882812e+00
7.613492965698242188e+00
5.481495380401611328e+00
6.991944313049316406e+00
1.852208709716796875e+01
6.628187179565429688e+00
7.178077697753906250e+00
5.617465209960937500e+01
3.988263368606567383e+00
9.757998466491699219e+00
8.617852210998535156e+00
4.896148681640625000e+01
8.452323913574218750e+00
8.886190414428710938e+00
5.367885589599609375e+00
4.437896728515625000e+00
9.545763969421386719e+00
-5.059770941734313965e-01
8.965888977050781250e+00
6.626877307891845703e+00
3.703238677978515625e+01
1.101414299011230469e+01
6.514715194702148438e+00
5.104769706726074219e+00
1.841319656372070312e+01
8.820754051208496094e+00
7.178547859191894531e+00
1.337030029296875000e+01
6.954554557800292969e+00
6.929234981536865234e+00
3.997606992721557617e+00
4.778205871582031250e+00
5.166084289550781250e+00
1.969190788269042969e+01
9.425832748413085938e+00
1.295166492462158203e+01
1.610100150108337402e+00
8.799119949340820312e+00
1.482044339179992676e+00
2.589940643310546875e+01
1.396253776550292969e+01
4.640555381774902344e+00
3.702181625366210938e+01
8.138166427612304688e+00
2.854984474182128906e+01
3.839024782180786133e+00
6.669784069061279297e+00
4.088847160339355469e+00
9.895206093788146973e-01
6.208933830261230469e+00
7.571414947509765625e+00
8.786249160766601562e+00
3.211852073669433594e+00
1.004850292205810547e+01
6.886411190032958984e+00
1.563837432861328125e+01
2.264244079589843750e+00
3.813304662704467773e+00
3.949842453002929688e+00
8.000873565673828125e+00
2.003502607345581055e+00
8.692977905273437500e+00
1.006593418121337891e+01
6.939976692199707031e+00
3.850083923339843750e+01
6.477999210357666016e+00
3.898874998092651367e+00
6.766137123107910156e+00
6.169641494750976562e+00
7.573725700378417969e+00
8.862865447998046875e+00
2.624061107635498047e+00
2.713475227355957031e+00
1.970009994506835938e+01
1.932761001586914062e+01
1.248081207275390625e+01
6.283321380615234375e+00
8.473238945007324219e+00
2.099758148193359375e+01
4.648719787597656250e+00
1.050058269500732422e+01
7.687280654907226562e+00
5.758874416351318359e+00
7.178107261657714844e+00
4.375586032867431641e+00
5.566545009613037109e+00
5.544969081878662109e+00
2.066284561157226562e+01
1.932761001586914062e+01
8.478605270385742188e+00
3.711222171783447266e+00
1.365446686744689941e+00
1.805929183959960938e+01
2.771055221557617188e+00
1.445829105377197266e+01
2.371011972427368164e+00
7.219397068023681641e+00
7.752590656280517578e+00
2.127018737792968750e+01
2.396058654785156250e+01
4.847483634948730469e+00
9.245491027832031250e+00
5.166076183319091797e+00
8.547581672668457031e+00
7.631733894348144531e+00
1.248304128646850586e+00
6.150496959686279297e+00
4.136009216308593750e+00
8.682125091552734375e+00
4.187992095947265625e+00
4.431272029876708984e+00
9.474826812744140625e+00
1.964311790466308594e+01
9.507879257202148438e+00
7.872845649719238281e+00
5.677020072937011719e+00
2.707271194458007812e+01
3.465064048767089844e+00
4.844241619110107422e+00
4.080847740173339844e+00
1.244031333923339844e+01
3.849856567382812500e+01
4.735588073730468750e+00
4.637771129608154297e+00
4.702468872070312500e+00
1.265894126892089844e+01
5.382247924804687500e+00
8.909725189208984375e+00
2.985564708709716797e+00
1.044843006134033203e+01
5.358831882476806641e+00
1.382713508605957031e+01
6.996386528015136719e+00
2.616467475891113281e+00
8.847551345825195312e+00
1.917230796813964844e+01
5.559869289398193359e+00
8.735450744628906250e+00
4.611259460449218750e+00
8.564753532409667969e+00
8.191270232200622559e-01
7.490253925323486328e+00
6.817569732666015625e+00
6.219067573547363281e+00
6.999502182006835938e+00
3.582435369491577148e+00
4.600444316864013672e+00
6.951215744018554688e+00
