1.585223102569580078e+01
1.375409126281738281e+01
6.948592376708984375e+01
2.504169845581054688e+01
1.146483898162841797e+01
9.780176162719726562e+00
3.169547271728515625e+01
5.606270599365234375e+01
1.059931468963623047e+01
9.440335273742675781e+00
9.350139617919921875e+00
2.911183357238769531e+01
1.117409973144531250e+02
8.708200454711914062e+00
1.385811328887939453e+01
2.030271911621093750e+01
5.028591156005859375e+01
6.299683761596679688e+01
3.617385864257812500e+01
1.076751041412353516e+01
2.467959213256835938e+01
4.296975135803222656e+00
2.937491989135742188e+01
6.384698867797851562e+00
2.734563827514648438e+01
3.687720870971679688e+01
1.126336002349853516e+01
6.786650657653808594e+00
6.089112281799316406e+00
8.152090072631835938e+00
1.050728225708007812e+01
4.966489791870117188e+00
1.377741432189941406e+01
2.796690368652343750e+01
3.333121061325073242e+00
6.785733032226562500e+01
1.452099990844726562e+01
1.052007865905761719e+01
6.175856113433837891e+00
1.489075279235839844e+01
7.836321353912353516e+00
1.111957263946533203e+01
3.479339218139648438e+01
4.182677841186523438e+01
7.519721508026123047e+00
1.035099124908447266e+01
9.160340309143066406e+00
5.930468082427978516e+00
1.445308113098144531e+01
1.939739990234375000e+01
1.318601036071777344e+01
1.306619453430175781e+01
5.715029907226562500e+01
1.539028644561767578e+01
9.297532081604003906e+00
1.082264518737792969e+01
1.258332252502441406e+01
5.730677032470703125e+01
1.411855697631835938e+01
7.513743400573730469e+00
5.279084682464599609e+00
1.067376995086669922e+01
1.188513565063476562e+01
8.910061836242675781e+00
2.365488433837890625e+01
1.230399799346923828e+01
6.674430847167968750e+01
4.324046707153320312e+01
1.058303070068359375e+01
1.273138122558593750e+02
5.609080505371093750e+01
1.005967998504638672e+01
1.074471092224121094e+01
2.128425216674804688e+01
8.403303146362304688e+00
1.027943801879882812e+01
2.242809295654296875e+01
4.835525035858154297e+00
1.469312572479248047e+01
7.584059715270996094e+00
1.371944274902343750e+02
4.109535980224609375e+01
1.648478317260742188e+01
3.454373550415039062e+01
5.221861267089843750e+01
4.147540283203125000e+01
1.425624561309814453e+01
7.249409484863281250e+01
6.481316566467285156e+00
9.937328338623046875e+00
2.380087661743164062e+01
5.159739017486572266e+00
1.178374862670898438e+01
1.798369598388671875e+01
2.783461570739746094e+00
8.204076766967773438e+00
1.007105541229248047e+01
3.834390878677368164e+00
7.216271400451660156e+00
1.046273994445800781e+01
1.809804916381835938e+01
2.136184883117675781e+01
4.102986907958984375e+01
5.426781463623046875e+01
2.553169250488281250e+01
3.011647033691406250e+01
4.444801712036132812e+01
8.046934509277343750e+01
1.976472854614257812e+01
8.190405845642089844e+00
2.014731979370117188e+01
1.407309341430664062e+01
1.349857616424560547e+01
5.223305702209472656e+00
1.410316467285156250e+01
1.340111446380615234e+01
1.428946685791015625e+01
1.063756752014160156e+01
4.834456443786621094e+00
6.397182464599609375e+00
3.957589626312255859e+00
7.826852798461914062e+00
1.321076202392578125e+01
1.280341815948486328e+01
2.927104949951171875e+01
9.437483787536621094e+00
1.957695388793945312e+01
3.535200881958007812e+01
1.543414115905761719e+01
6.886625289916992188e+00
2.304364395141601562e+01
9.524158477783203125e+00
1.158246421813964844e+01
7.605226516723632812e+00
1.712900733947753906e+01
1.343678855895996094e+01
2.129516220092773438e+01
8.687391281127929688e+00
2.344736671447753906e+01
8.105768585205078125e+01
6.001383781433105469e+00
6.726755142211914062e+00
1.805093574523925781e+01
8.076287078857421875e+01
9.321170806884765625e+00
9.292929077148437500e+01
2.938454437255859375e+01
3.617385864257812500e+01
1.616722106933593750e+01
3.805071258544921875e+01
8.346666336059570312e+00
8.343204498291015625e+00
9.824228286743164062e+00
2.871731758117675781e+00
4.192659378051757812e+00
5.294689178466796875e+01
1.252960300445556641e+01
5.004083251953125000e+01
7.849656105041503906e+00
9.975785827636718750e+01
1.616817855834960938e+01
2.275961685180664062e+01
6.879234313964843750e+00
2.111498641967773438e+01
7.539633178710937500e+01
1.272887039184570312e+01
5.065208435058593750e+01
9.142616271972656250e+01
9.989301681518554688e+00
8.307461738586425781e+00
9.170418739318847656e+00
6.001383781433105469e+00
2.028477096557617188e+01
7.696434020996093750e+00
5.794048905372619629e-01
1.932315063476562500e+01
3.429410171508789062e+01
1.602450180053710938e+01
1.288961982727050781e+01
4.140144348144531250e+00
7.389885902404785156e+00
5.591667938232421875e+01
1.139289855957031250e+00
4.953882217407226562e+01
1.001850032806396484e+01
1.115713310241699219e+01
1.624215698242187500e+01
1.405385971069335938e+01
1.061606311798095703e+01
3.278124237060546875e+01
5.179871368408203125e+01
3.751740264892578125e+01
4.333362579345703125e+00
1.782501792907714844e+01
4.023615646362304688e+01
5.960917472839355469e+00
1.345724201202392578e+01
2.337065505981445312e+01
1.200708866119384766e+01
6.451438140869140625e+01
2.114802551269531250e+01
1.071850490570068359e+01
6.061442565917968750e+01
8.687391281127929688e+00
2.592067146301269531e+01
3.929766416549682617e+00
4.363375473022460938e+01
2.330387878417968750e+01
1.062186126708984375e+02
1.331969738006591797e+01
4.519192695617675781e+00
8.976200103759765625e+00
8.687391281127929688e+00
2.004810714721679688e+01
1.550059127807617188e+01
7.571279048919677734e+00
1.031389904022216797e+01
2.415679168701171875e+01
3.283765029907226562e+01
1.941833686828613281e+01
1.471932888031005859e+01
4.861600494384765625e+01
1.973400878906250000e+01
6.355599975585937500e+01
5.962091064453125000e+01
4.232458877563476562e+01
6.738970756530761719e+00
3.527144432067871094e+00
7.576826477050781250e+01
4.776392936706542969e+00
1.255710983276367188e+01
7.104814147949218750e+01
9.618305969238281250e+01
9.808014869689941406e+00
1.316155815124511719e+01
3.617385864257812500e+01
3.174217462539672852e+00
1.248097801208496094e+01
1.275001168251037598e+00
3.457037353515625000e+01
2.443750190734863281e+01
1.336933517456054688e+01
1.161968803405761719e+01
1.128447341918945312e+01
5.092710494995117188e+00
3.299749755859375000e+01
1.532452583312988281e+01
2.263470840454101562e+01
7.370333671569824219e+00
7.528877258300781250e+00
1.711043167114257812e+01
8.403661727905273438e+00
1.910278511047363281e+01
1.296373176574707031e+01
2.280117225646972656e+01
7.380908203125000000e+01
7.045620441436767578e+00
1.275582408905029297e+01
1.474627614021301270e+00
1.407767391204833984e+01
1.097205924987792969e+01
1.041232013702392578e+01
4.268390655517578125e+00
7.861500263214111328e+00
9.850189208984375000e+00
2.050133323669433594e+01
8.325640678405761719e+00
7.291499614715576172e+00
2.165805244445800781e+01
1.071191101074218750e+02
8.162904739379882812e+00
6.437854003906250000e+01
7.922410583496093750e+01
2.279325103759765625e+01
3.490407466888427734e+00
1.771034812927246094e+01
9.761024475097656250e+01
2.274199485778808594e+01
1.339635925292968750e+02
1.057848644256591797e+01
8.687391281127929688e+00
3.872624969482421875e+01
5.352687072753906250e+01
2.077256202697753906e+01
2.241418838500976562e+01
4.342932701110839844e+00
6.620055389404296875e+01
7.950867176055908203e+00
1.940714263916015625e+01
1.337751579284667969e+01
1.806958007812500000e+01
1.121998310089111328e+01
1.311220855712890625e+02
6.175856113433837891e+00
1.368553771972656250e+02
9.145146369934082031e+00
1.424646472930908203e+01
1.971727371215820312e+01
1.354924297332763672e+01
1.079380893707275391e+01
3.425414800643920898e+00
6.094189453125000000e+01
1.061867713928222656e+01
9.642872810363769531e+00
1.079866600036621094e+01
4.460243225097656250e+00
6.175775527954101562e+00
8.516185760498046875e+00
1.427462863922119141e+01
1.819969940185546875e+01
1.413688468933105469e+01
5.120803833007812500e+00
3.849012851715087891e+00
6.804484844207763672e+00
2.970244598388671875e+01
3.425535964965820312e+01
4.170236968994140625e+01
2.298538208007812500e+01
2.497550964355468750e+01
1.710502433776855469e+01
6.608618927001953125e+01
6.255364227294921875e+01
1.227997016906738281e+01
6.481981277465820312e+00
2.755881118774414062e+01
3.042238998413085938e+01
1.613926506042480469e+01
2.257770919799804688e+01
2.114802551269531250e+01
1.728532600402832031e+01
7.681063842773437500e+01
1.007581233978271484e+01
1.424712181091308594e+01
1.153365802764892578e+01
2.165438652038574219e+01
2.161905288696289062e+01
6.187794685363769531e+00
4.670255661010742188e+01
1.476655387878417969e+01
1.827671623229980469e+01
2.542478752136230469e+01
1.725570678710937500e+01
7.836321353912353516e+00
4.830213928222656250e+01
1.460656452178955078e+01
1.070980987548828125e+02
6.075759506225585938e+01
4.460243225097656250e+00
3.064673805236816406e+01
5.700779914855957031e+00
6.775972843170166016e+00
3.876461029052734375e+01
2.019172286987304688e+01
6.258377075195312500e+01
6.411953449249267578e+00
2.982045936584472656e+01
5.978277969360351562e+01
7.473674297332763672e+00
3.372287750244140625e+01
7.528053283691406250e+01
1.107358360290527344e+01
1.111337947845458984e+01
3.881797027587890625e+01
6.393217849731445312e+01
2.442282485961914062e+01
4.283538436889648438e+01
8.687391281127929688e+00
4.355031490325927734e+00
1.446964073181152344e+01
1.082142543792724609e+01
4.384056472778320312e+01
8.164538383483886719e+00
5.811652660369873047e+00
2.065279006958007812e+01
9.003782653808593750e+01
1.461366558074951172e+01
7.154184341430664062e+00
3.551100158691406250e+01
2.191814899444580078e+00
1.737390518188476562e+01
9.622233390808105469e+00
7.791590213775634766e+00
2.949126720428466797e+00
4.420614624023437500e+01
1.164687347412109375e+01
2.480317687988281250e+01
3.174217462539672852e+00
1.809790802001953125e+01
1.277252769470214844e+01
2.043453788757324219e+01
6.452937316894531250e+01
1.287692165374755859e+01
1.598043060302734375e+01
1.539852523803710938e+01
9.850186347961425781e+00
7.836321353912353516e+00
8.355500221252441406e+00
6.111202239990234375e+00
1.483546161651611328e+01
2.942272949218750000e+01
