3.774404525756835938e-01
-1.112944126129150391e+00
-5.729222297668457031e-02
-9.865159988403320312e-01
2.105336904525756836e+00
-7.749042510986328125e-01
-3.595554828643798828e+00
1.645046472549438477e+00
-3.691975116729736328e+00
9.313420653343200684e-01
1.713524699211120605e+00
-1.228364467620849609e+00
2.375800609588623047e-01
6.503672599792480469e-01
4.749799966812133789e-01
8.039633631706237793e-01
1.796977996826171875e+00
-2.728857994079589844e+00
-4.993848800659179688e-01
1.714079618453979492e+00
1.891392230987548828e+00
-1.763236522674560547e-01
1.962977528572082520e+00
-1.849248409271240234e-01
-5.961678504943847656e+00
-1.732500076293945312e+00
-9.093573570251464844e+00
-9.403683662414550781e+00
-2.361369132995605469e+00
1.888519406318664551e+00
-1.156603336334228516e+00
1.568328142166137695e-01
1.959810972213745117e+00
7.371001839637756348e-01
-5.603854656219482422e+00
-1.174919128417968750e+00
-3.396663665771484375e-01
-7.708766937255859375e+00
-1.364476680755615234e-01
1.157007455825805664e+00
-1.621465682983398438e+00
-7.061156272888183594e+00
1.139880657196044922e+00
1.066843152046203613e+00
-4.975199699401855469e+00
1.026706337928771973e+00
2.710929393768310547e+00
-2.580027580261230469e-01
3.367309570312500000e-01
-5.313903808593750000e+00
1.505594730377197266e+00
-1.044256496429443359e+01
-7.616114616394042969e-02
-1.991741657257080078e+00
-2.509333133697509766e+00
1.588407278060913086e+00
1.262792110443115234e+00
-4.940377712249755859e+00
-2.580027580261230469e-01
1.203841567039489746e+00
5.197125673294067383e-01
-4.280831336975097656e+00
1.828706264495849609e-01
-3.401015281677246094e+00
-1.798622608184814453e+00
-1.019008636474609375e+00
1.430710196495056152e+00
-1.835030078887939453e+00
-7.143293380737304688e+00
-5.481094837188720703e+00
-4.350321769714355469e+00
-1.159679603576660156e+01
-5.207946300506591797e-01
-3.924504041671752930e+00
-3.767764091491699219e+00
-4.822504997253417969e+00
-1.636316299438476562e+00
-2.424912452697753906e+00
-5.924632549285888672e+00
-1.111994504928588867e+00
3.753129243850708008e-01
1.147572755813598633e+00
3.767222166061401367e-01
-2.580027580261230469e-01
-3.020087242126464844e+00
8.727737069129943848e-01
-4.655236244201660156e+00
-3.046750545501708984e+00
-4.743990421295166016e+00
6.282218694686889648e-01
-1.786256790161132812e+00
-1.579149246215820312e+00
2.798686027526855469e+00
1.458182573318481445e+00
1.690567255020141602e+00
1.881887197494506836e+00
1.102337121963500977e+00
-6.258706092834472656e+00
-2.580027580261230469e-01
-1.253730297088623047e+00
7.598710060119628906e-02
2.370387077331542969e+00
5.076993703842163086e-01
-9.520339965820312500e-01
-4.738149642944335938e+00
-4.565120697021484375e+00
-5.700424671173095703e+00
1.649025201797485352e+00
-6.572350025177001953e+00
-5.870615482330322266e+00
-2.236463069915771484e+00
-4.453473567962646484e+00
1.548877954483032227e-01
-4.256203651428222656e+00
3.759195804595947266e-01
-4.382401466369628906e+00
7.563084959983825684e-01
1.593126058578491211e+00
-1.804263114929199219e+00
8.696736097335815430e-01
1.430710196495056152e+00
6.282218694686889648e-01
1.741251230239868164e+00
-6.687392234802246094e+00
-7.294240951538085938e+00
-5.167161941528320312e+00
-5.621451854705810547e+00
1.925202608108520508e+00
9.297416210174560547e-01
-4.510126113891601562e-01
-2.835629463195800781e+00
-4.794747352600097656e+00
1.557073712348937988e+00
-2.580027580261230469e-01
6.277889609336853027e-01
-1.050461769104003906e+00
-5.516314506530761719e-01
-8.433036804199218750e-01
-8.537261962890625000e+00
6.287840604782104492e-01
-7.706301689147949219e+00
-5.340210914611816406e+00
-5.412414073944091797e-01
-9.654326438903808594e+00
-5.345485687255859375e+00
-4.135797023773193359e+00
1.950516462326049805e+00
-2.112129688262939453e+00
-6.110640525817871094e+00
1.639446973800659180e+00
-1.355694770812988281e+00
1.959810972213745117e+00
-2.146547317504882812e+00
-2.362659454345703125e+00
-1.291313171386718750e-01
-3.146753311157226562e-01
-1.730537414550781250e+00
2.682178020477294922e-01
-8.412488937377929688e+00
-7.147511005401611328e+00
-6.934298992156982422e+00
4.576606750488281250e+00
-5.301094532012939453e+00
6.244205832481384277e-01
-1.456916332244873047e+00
1.448341608047485352e+00
-1.315464019775390625e+00
1.168087244033813477e+00
-8.502597808837890625e+00
-9.411931037902832031e-02
1.219074964523315430e+00
-4.548981666564941406e+00
1.621308326721191406e+00
3.931341171264648438e-01
1.341063499450683594e+00
-4.350321769714355469e+00
1.282548785209655762e+00
1.719808578491210938e-01
-8.117027282714843750e+00
2.403061866760253906e+00
-1.960607051849365234e+00
4.600412845611572266e-01
4.567377567291259766e-01
-1.861190223693847656e+01
-3.869210958480834961e+00
-4.015451908111572266e+00
3.082958459854125977e-01
9.330693483352661133e-01
1.109565615653991699e+00
-7.148744106292724609e+00
1.338264703750610352e+00
-1.326147794723510742e+00
-3.460261821746826172e+00
5.045392513275146484e-01
1.771031737327575684e+00
-9.732231140136718750e+00
-1.983993530273437500e+00
-5.868838310241699219e+00
-1.156801605224609375e+01
1.616801619529724121e+00
1.665759086608886719e+00
-1.834110641479492188e+01
-4.010072708129882812e+00
-3.548993825912475586e+00
-9.595029830932617188e+00
-5.782961845397949219e-01
9.878928661346435547e-01
1.411641359329223633e+00
-1.006522655487060547e+00
-5.956943511962890625e+00
1.815581321716308594e-01
2.922554016113281250e-01
-8.505773544311523438e-01
1.785315155982971191e+00
3.341813087463378906e-01
-9.249238967895507812e-01
-4.233550548553466797e+00
-4.726872920989990234e+00
-1.098182201385498047e-01
-1.012193489074707031e+01
1.717179656028747559e+00
-8.852644920349121094e+00
-2.834860801696777344e+00
-1.173257827758789062e+00
-6.644981384277343750e+00
-1.149923324584960938e+00
1.034237623214721680e+00
-4.575453758239746094e+00
-8.142576217651367188e-01
-1.608913421630859375e+00
2.635693788528442383e+00
-1.200079917907714844e-02
2.226486444473266602e+00
-3.377346992492675781e-01
-5.529216766357421875e+00
-2.047271251678466797e+00
-7.575586318969726562e+00
-4.447933673858642578e+00
-9.552311897277832031e-01
5.305104255676269531e-01
-1.736803054809570312e-01
-4.870954036712646484e+00
6.282218694686889648e-01
-8.812578201293945312e+00
-4.682089805603027344e+00
-3.611877918243408203e+00
-5.986435890197753906e+00
-4.013119697570800781e+00
-9.194530487060546875e+00
1.594503521919250488e+00
-5.114317893981933594e+00
-3.133152008056640625e+00
4.366734623908996582e-01
6.237192749977111816e-01
-7.765219688415527344e+00
-4.157719135284423828e+00
2.224684000015258789e+00
-5.136309623718261719e+00
1.392312288284301758e+00
-1.136003971099853516e+00
1.669548034667968750e+00
-3.985552787780761719e-01
-5.203218460083007812e-01
-1.789588928222656250e+00
6.814103126525878906e-01
1.498281002044677734e+00
1.627625942230224609e+00
1.788887858390808105e+00
1.478643536567687988e+00
-8.698585033416748047e-01
-3.658873558044433594e+00
-1.996674537658691406e+00
7.103220224380493164e-01
1.843916177749633789e+00
3.714823722839355469e-02
1.425262928009033203e+00
1.246429920196533203e+00
-4.000606536865234375e+00
-3.479239940643310547e-01
4.717308282852172852e-01
-4.174690246582031250e+00
9.102166295051574707e-01
1.514671087265014648e+00
-8.659399032592773438e+00
7.379674315452575684e-01
1.135593652725219727e-01
-5.200679779052734375e+00
-9.354810714721679688e-01
-1.287185668945312500e+01
-2.837736606597900391e+00
-4.375807285308837891e+00
-3.968922615051269531e+00
-6.499694824218750000e+00
-2.162718772888183594e-01
8.498854637145996094e-01
-2.632390975952148438e+00
1.836922407150268555e+00
-1.360734558105468750e+01
-7.881018638610839844e+00
-4.344378948211669922e+00
-1.148286342620849609e+00
-4.557721138000488281e+00
-4.187272071838378906e+00
3.488075733184814453e-01
-4.443500995635986328e+00
-6.104680538177490234e+00
1.401597142219543457e+00
-7.555196285247802734e+00
9.038888812065124512e-01
-5.418965339660644531e+00
-1.949331283569335938e+00
8.986473083496093750e-03
4.366023540496826172e-01
1.094173908233642578e+00
-4.940377712249755859e+00
1.431903839111328125e-01
3.477597236633300781e-02
-6.443855762481689453e+00
1.739318609237670898e+00
-3.743792533874511719e+00
-5.110258102416992188e+00
-1.405965232849121094e+01
1.039666891098022461e+00
1.523429393768310547e+00
1.895632743835449219e-01
2.182727336883544922e+00
1.758865118026733398e+00
-3.265181064605712891e+00
-3.401754856109619141e+00
5.240091085433959961e-01
-1.703071594238281250e+00
-7.786807537078857422e+00
-7.997488975524902344e-02
-4.350321769714355469e+00
1.168112039566040039e+00
-3.807078838348388672e+00
1.661258935928344727e+00
-1.531684875488281250e+00
-8.528741836547851562e+00
-6.206949710845947266e+00
-1.785230636596679688e-01
1.902475118637084961e+00
1.009991884231567383e+00
8.632264733314514160e-01
-7.749042510986328125e-01
-5.302559375762939453e+00
-2.809177875518798828e+00
-4.901321411132812500e+00
-6.245246410369873047e+00
2.336046218872070312e+00
8.231651782989501953e-01
-8.161336898803710938e+00
9.826812744140625000e-01
-5.650908470153808594e+00
-4.940377712249755859e+00
-3.231169223785400391e+00
-1.851295948028564453e+00
-4.170721530914306641e+00
-5.059617519378662109e+00
-1.939713954925537109e+00
-3.814144372940063477e+00
-6.722658157348632812e+00
6.443397998809814453e-01
-2.086479568481445312e+01
-9.510040283203125000e-01
4.999296665191650391e+00
-3.541256427764892578e+00
1.272000074386596680e+00
-6.374408721923828125e+00
-6.460788726806640625e+00
-6.493330955505371094e+00
-3.232175350189208984e+00
-1.416718006134033203e+00
-3.507852554321289062e-02
1.341063499450683594e+00
1.614324927330017090e+00
-7.749042510986328125e-01
-8.181822299957275391e-01
-2.580027580261230469e-01
1.078472614288330078e+00
-6.467056274414062500e-02
-3.604384899139404297e+00
3.315952301025390625e+00
-5.413669109344482422e+00
-5.533424377441406250e+00
2.199621200561523438e-01
-1.387849092483520508e+00
-2.722139358520507812e-01
2.427659034729003906e-01
-3.237641334533691406e+00
-4.183564186096191406e-01
5.042833089828491211e-01
-2.386785507202148438e+00
6.126070022583007812e-02
-7.932809829711914062e+00
7.044569253921508789e-01
-4.282933235168457031e+00
-6.829170227050781250e+00
-3.340671062469482422e-01
-2.762887477874755859e-01
