6.670274734497070312e+00
1.668965816497802734e+00
1.116802406311035156e+01
2.312355518341064453e+00
2.726174831390380859e+00
4.025882720947265625e+00
2.698701381683349609e+00
8.426690101623535156e-01
9.742895126342773438e+00
2.860886812210083008e+00
3.047880172729492188e+00
2.264614105224609375e+00
2.301725196838378906e+01
2.642937898635864258e+00
9.636121988296508789e-01
1.769971847534179688e+00
7.834447860717773438e+00
1.943124055862426758e+00
1.037766933441162109e+00
1.914893627166748047e+00
5.293760299682617188e+00
2.526953697204589844e+00
1.716267108917236328e+00
4.909373760223388672e+00
1.482264328002929688e+01
2.464978694915771484e+00
1.298222160339355469e+01
2.390420913696289062e+00
2.651987075805664062e+00
1.829077243804931641e+00
1.543168544769287109e+00
2.360184192657470703e+00
2.176217555999755859e+00
2.950474739074707031e+00
3.167538166046142578e+00
3.143017530441284180e+00
3.135585546493530273e+00
6.164088249206542969e-01
1.653869628906250000e+01
2.041858196258544922e+00
1.760918855667114258e+00
8.076303482055664062e+00
1.116366767883300781e+01
4.361211395263671875e+01
1.232500791549682617e+00
1.812894821166992188e+00
1.876618623733520508e+00
5.654735565185546875e+00
1.870774745941162109e+00
2.049650430679321289e+00
3.557212352752685547e+00
1.972288489341735840e+00
1.712964057922363281e+00
3.872816324234008789e+00
3.054857969284057617e+00
1.278319597244262695e+00
6.819809913635253906e+00
2.408763647079467773e+00
2.587175369262695312e+00
1.606467628479003906e+01
1.155330777168273926e+00
9.401347637176513672e-01
2.573209762573242188e+00
2.410014152526855469e+00
7.798141479492187500e+00
2.893846511840820312e+00
2.201776027679443359e+00
7.304443359375000000e+00
2.978808641433715820e+00
1.130610108375549316e-01
1.210574388504028320e+00
8.804354667663574219e+00
4.724371910095214844e+00
3.821072340011596680e+00
1.512796878814697266e+01
1.251161193847656250e+01
2.705584526062011719e+01
7.647256374359130859e+00
2.321963548660278320e+00
6.165720224380493164e-01
2.529540538787841797e+00
2.147422790527343750e+00
1.247783541679382324e+00
2.662404060363769531e+00
6.426106452941894531e+00
1.023116588592529297e+00
1.232500791549682617e+00
2.685938358306884766e+00
2.651414871215820312e+00
2.969169139862060547e+00
4.435408115386962891e-01
8.032214641571044922e-01
2.534514427185058594e+00
2.006036281585693359e+00
1.897243022918701172e+00
2.133059978485107422e+00
3.330874443054199219e+00
5.124087333679199219e+00
5.703159332275390625e+00
1.644088149070739746e+00
2.615670680999755859e+00
1.153258132934570312e+01
8.204774856567382812e+00
5.978088378906250000e-01
2.625314712524414062e+00
7.622333168983459473e-01
1.943533182144165039e+00
1.026607632637023926e+00
3.328151702880859375e+00
2.249341964721679688e+00
2.195153951644897461e+00
2.742889404296875000e+00
2.690705299377441406e+00
2.127293348312377930e+00
7.521811723709106445e-01
1.678279638290405273e+00
1.363584709167480469e+01
8.177534103393554688e+00
-4.990134015679359436e-02
1.800079226493835449e+00
3.120940399169921875e+01
1.949975013732910156e+00
1.821563005447387695e+00
1.386372447013854980e+00
1.370800137519836426e+00
1.406455039978027344e+00
2.064946889877319336e+00
1.527657628059387207e+00
5.641847848892211914e-01
2.621949434280395508e+00
2.545513629913330078e+00
2.828547239303588867e+00
7.033807039260864258e-01
1.665712952613830566e+00
1.335758209228515625e+00
1.614450931549072266e+00
1.274874496459960938e+01
1.022840690612792969e+01
2.464978694915771484e+00
2.330585718154907227e+00
5.417163848876953125e+00
2.670232772827148438e+00
2.511075973510742188e+00
2.414224624633789062e+00
9.728005409240722656e+00
2.266608953475952148e+00
2.494369506835937500e+00
2.327284097671508789e+00
2.988306045532226562e+00
1.353390502929687500e+01
2.434954166412353516e+00
4.490813255310058594e+00
1.772088050842285156e+00
2.286343097686767578e+00
9.654700279235839844e+00
2.559681892395019531e+00
2.193871736526489258e-01
6.394231319427490234e-01
3.664467811584472656e+00
3.887608528137207031e+00
3.287311077117919922e+00
2.091185569763183594e+00
4.290246009826660156e+00
1.899238109588623047e+00
3.670854568481445312e+00
1.034896492958068848e+00
3.661001682281494141e+00
1.240576744079589844e+01
5.425702095031738281e+00
2.464978694915771484e+00
2.399633407592773438e+00
2.290328025817871094e+00
1.711622714996337891e+00
4.330676555633544922e+00
1.109503650665283203e+01
1.905381917953491211e+00
1.753828883171081543e+00
1.085488200187683105e+00
3.287311077117919922e+00
1.568015861511230469e+01
7.558871746063232422e+00
1.625521183013916016e+00
2.240608596801757812e+01
2.418018817901611328e+00
1.587217521667480469e+01
2.464978694915771484e+00
1.451592254638671875e+01
6.127239227294921875e+00
2.061505794525146484e+00
7.042370796203613281e+00
5.629557800292968750e+01
1.668233633041381836e+00
2.890774488449096680e+00
1.880114555358886719e+00
2.264426708221435547e+00
2.051550388336181641e+00
2.737726926803588867e+00
2.741767883300781250e+00
1.808569192886352539e+00
1.191559791564941406e+00
2.271850347518920898e+00
5.121283531188964844e+00
2.115775680541992188e+01
1.306475830078125000e+01
1.963268518447875977e+00
2.117467403411865234e+00
1.877177476882934570e+00
6.489918708801269531e+00
2.359276056289672852e+00
1.616731047630310059e+00
1.251843929290771484e+00
9.164945602416992188e+00
1.809732675552368164e+00
1.420876979827880859e+01
3.269419670104980469e+00
3.664467811584472656e+00
1.781876802444458008e+00
1.956998705863952637e-01
2.340198755264282227e+00
2.677808046340942383e+00
4.859227657318115234e+00
2.671443557739257812e+01
2.556277656555175781e+01
1.699535751342773438e+01
1.294261550903320312e+01
3.080431699752807617e+00
9.697030782699584961e-01
7.012953758239746094e+00
1.973244428634643555e+00
4.913508892059326172e+00
1.232500791549682617e+00
3.821072340011596680e+00
1.071134805679321289e+00
7.689206123352050781e+00
1.255439472198486328e+01
2.105334997177124023e+00
1.089578342437744141e+01
2.878167152404785156e+00
1.536213874816894531e+00
2.758373451232910156e+01
3.577011108398437500e+00
2.756575584411621094e+00
1.868647956848144531e+01
1.013188362121582031e+00
9.376833915710449219e+00
1.188111901283264160e+00
2.265519857406616211e+00
2.037630558013916016e+00
1.169272661209106445e+00
2.037979316711425781e+01
4.031538486480712891e+00
2.025372982025146484e+00
8.672441482543945312e+00
2.753939628601074219e-01
1.547834205627441406e+01
8.973809242248535156e+00
3.186880588531494141e+00
5.027706623077392578e+00
5.065559864044189453e+00
2.640153646469116211e+00
3.020660400390625000e+00
4.686494767665863037e-01
8.293129205703735352e-01
2.074493980407714844e+01
1.111071348190307617e+00
3.901802539825439453e+00
4.727598667144775391e+00
9.434008598327636719e-01
2.644414663314819336e+00
5.208093166351318359e+00
1.400292038917541504e+00
1.964250087738037109e+00
2.625354290008544922e+00
2.150566101074218750e+00
6.850371837615966797e+00
6.568375110626220703e+00
6.713248252868652344e+00
1.286744356155395508e+00
1.442670583724975586e+00
2.040455818176269531e+00
1.351844501495361328e+01
2.498058319091796875e+00
1.556158065795898438e+00
2.427169322967529297e+00
8.865645408630371094e+00
1.671531677246093750e+00
2.413553714752197266e+00
3.821072340011596680e+00
2.264710426330566406e+00
5.670558929443359375e+00
5.632788658142089844e+00
2.874793052673339844e+00
2.081007957458496094e+00
1.727103471755981445e+00
2.846687436103820801e-01
1.713436603546142578e+00
6.782520771026611328e+00
2.539642095565795898e+00
2.207412242889404297e+00
2.188610076904296875e+00
1.167465019226074219e+01
2.309122800827026367e+00
2.584580993652343750e+01
2.377786636352539062e+00
1.905720710754394531e+00
4.101826667785644531e+00
8.055492401123046875e+00
9.277956008911132812e+00
2.084975242614746094e+00
1.384312534332275391e+01
1.905760288238525391e+00
2.653524637222290039e+00
5.544433593750000000e+00
2.575086116790771484e+00
1.617361068725585938e+01
1.110655784606933594e+00
1.609585642814636230e+00
2.587973833084106445e+00
2.545513629913330078e+00
2.816823959350585938e+00
5.420393943786621094e-01
-7.400548458099365234e-02
2.612605333328247070e+00
1.607404232025146484e+00
4.431125521659851074e-01
1.807764053344726562e+00
2.347220659255981445e+00
1.915794253349304199e+00
2.828547239303588867e+00
2.693617343902587891e+00
1.620388746261596680e+00
3.023128032684326172e+00
1.528192281723022461e+00
2.506293296813964844e+00
1.776384830474853516e+00
5.065559864044189453e+00
2.180466651916503906e+00
9.529213905334472656e-01
1.106446027755737305e+00
1.271668815612792969e+01
6.704605102539062500e+00
1.293224096298217773e-01
1.504767179489135742e+00
9.149850845336914062e+00
9.065622329711914062e+00
2.150131940841674805e+00
1.617812156677246094e+00
2.408056259155273438e+00
8.452325820922851562e+00
9.887009859085083008e-01
9.817233085632324219e-01
2.988979578018188477e+00
8.753095626831054688e+00
1.320071983337402344e+01
4.704295396804809570e-01
1.231324195861816406e+00
2.469758033752441406e+00
1.781294107437133789e+00
2.360767126083374023e+00
2.712500572204589844e+00
4.587508201599121094e+00
2.701778411865234375e+00
7.955940961837768555e-01
5.499880313873291016e-01
1.497582435607910156e+00
1.780864715576171875e+00
1.758326768875122070e+00
9.003299713134765625e+00
2.490964889526367188e+00
9.277956008911132812e+00
2.409351348876953125e+00
1.359436035156250000e+00
1.150660991668701172e+00
5.040990114212036133e-01
2.551079273223876953e+00
2.820523977279663086e+00
2.565260696411132812e+01
6.634843826293945312e+00
2.190027952194213867e+00
1.818218469619750977e+00
1.700780749320983887e+00
2.551272392272949219e+00
6.703367233276367188e+00
1.232500791549682617e+00
2.523651599884033203e+00
4.471414089202880859e-01
2.013557195663452148e+00
2.302834272384643555e+00
1.170645236968994141e+01
2.474771022796630859e+00
2.399894952774047852e+00
5.182080268859863281e+00
2.642278194427490234e+00
2.235280275344848633e+00
3.167215108871459961e+00
2.932587623596191406e+00
2.562254905700683594e+00
2.047311067581176758e+00
1.337164044380187988e+00
2.015866279602050781e+00
