1.113006949424743652e+00
4.082183241844177246e-01
1.224308729171752930e+00
1.076120257377624512e+00
7.007632255554199219e-01
7.622298598289489746e-01
9.456130266189575195e-01
1.125325083732604980e+00
9.502185583114624023e-01
6.142684221267700195e-01
1.140987753868103027e+00
1.172444701194763184e+00
1.482268095016479492e+00
5.218570828437805176e-01
1.376562833786010742e+00
7.580184936523437500e-01
5.684179067611694336e-01
1.061231255531311035e+00
1.156560778617858887e+00
6.022145152091979980e-01
1.663303613662719727e+00
7.913203239440917969e-01
7.396335601806640625e-01
1.611210703849792480e+00
5.014232993125915527e-01
1.485112905502319336e+00
1.572698831558227539e+00
1.289346933364868164e+00
1.976405382156372070e-01
9.422019720077514648e-01
1.483899354934692383e+00
1.133522272109985352e+00
8.867973089218139648e-01
6.394776105880737305e-01
6.711937785148620605e-01
6.998133659362792969e-01
1.285954236984252930e+00
1.232398271560668945e+00
5.778768062591552734e-01
6.658660173416137695e-01
1.149246454238891602e+00
1.480609893798828125e+00
8.022311329841613770e-01
1.629766106605529785e+00
9.484695792198181152e-01
6.606562137603759766e-01
8.787247538566589355e-01
1.328336715698242188e+00
6.243426203727722168e-01
7.896673083305358887e-01
1.351628303527832031e+00
1.601082205772399902e+00
1.074841499328613281e+00
4.815438389778137207e-01
1.595907688140869141e+00
6.600806713104248047e-01
1.067816972732543945e+00
7.564771771430969238e-01
1.257272601127624512e+00
1.342617750167846680e+00
1.714098930358886719e+00
6.187475919723510742e-01
1.325592279434204102e+00
1.922865062952041626e-01
1.442230939865112305e+00
1.646997928619384766e+00
1.656333804130554199e+00
1.455864548683166504e+00
1.219322443008422852e+00
7.354530692100524902e-01
1.455092906951904297e+00
1.064483046531677246e+00
1.615968704223632812e+00
1.587044477462768555e+00
1.012221455574035645e+00
5.855978727340698242e-01
1.373288869857788086e+00
1.214115738868713379e+00
6.574574112892150879e-01
5.033410787582397461e-01
9.617204666137695312e-01
2.746469378471374512e-01
1.514860272407531738e+00
1.544901609420776367e+00
6.817379593849182129e-01
1.124519824981689453e+00
8.145745992660522461e-01
9.509072899818420410e-01
1.210908770561218262e+00
5.599321126937866211e-01
1.589230179786682129e+00
1.456210613250732422e+00
1.285457491874694824e+00
5.194492936134338379e-01
9.872502088546752930e-01
1.568180084228515625e+00
9.768844842910766602e-01
1.341128826141357422e+00
1.283747911453247070e+00
1.266594529151916504e+00
6.701770424842834473e-01
1.013168454170227051e+00
9.892447590827941895e-01
1.473884344100952148e+00
8.290672898292541504e-01
1.278544425964355469e+00
1.526835680007934570e+00
9.964510202407836914e-01
8.413047790527343750e-01
1.361403942108154297e+00
5.978178381919860840e-01
8.148366212844848633e-01
6.187545657157897949e-01
7.433744072914123535e-01
1.138467431068420410e+00
8.811697363853454590e-01
5.293483138084411621e-01
6.473087072372436523e-01
6.696564555168151855e-01
1.378591299057006836e+00
9.328666925430297852e-01
1.099337697029113770e+00
8.631081581115722656e-01
4.116640090942382812e-01
1.281782627105712891e+00
9.964615106582641602e-01
5.697331428527832031e-01
7.817630171775817871e-01
1.246587514877319336e+00
3.219470977783203125e-01
1.237781047821044922e+00
1.511203289031982422e+00
1.397717952728271484e+00
1.176204681396484375e+00
5.707531571388244629e-01
9.636794328689575195e-01
1.542551636695861816e+00
8.543988466262817383e-01
1.402228713035583496e+00
1.207728981971740723e+00
5.618541836738586426e-01
1.621479272842407227e+00
9.878538250923156738e-01
9.087179303169250488e-01
1.331923127174377441e+00
1.618577122688293457e+00
1.551904678344726562e+00
1.494464635848999023e+00
5.622774362564086914e-01
3.175537884235382080e-01
6.510554552078247070e-01
5.212186574935913086e-01
1.022063016891479492e+00
1.032205939292907715e+00
1.507806301116943359e+00
8.771232962608337402e-01
9.732264876365661621e-01
9.512434601783752441e-01
1.250890851020812988e+00
7.509886026382446289e-01
1.043262004852294922e+00
1.152471065521240234e+00
8.768522739410400391e-01
6.753625869750976562e-01
9.010265469551086426e-01
9.633433818817138672e-01
6.209824085235595703e-01
1.201194643974304199e+00
1.015778541564941406e+00
1.329835534095764160e+00
7.243838906288146973e-01
1.121725797653198242e+00
1.439458012580871582e+00
1.429599404335021973e+00
7.104994654655456543e-01
5.895941257476806641e-01
8.449686765670776367e-01
1.572543263435363770e+00
9.283997416496276855e-01
6.559411287307739258e-01
1.216201066970825195e+00
8.245174288749694824e-01
7.544048428535461426e-01
9.255726337432861328e-01
7.669689059257507324e-01
5.694440603256225586e-01
7.448422908782958984e-01
1.739838004112243652e+00
1.402522802352905273e+00
9.375134706497192383e-01
1.561479568481445312e+00
5.036812424659729004e-01
2.589962482452392578e-01
1.280332803726196289e+00
8.664431571960449219e-01
6.533199548721313477e-01
1.530287504196166992e+00
4.368024468421936035e-01
1.611733913421630859e+00
4.424493014812469482e-01
1.230076909065246582e+00
5.519993901252746582e-01
1.286537647247314453e+00
9.524796605110168457e-01
1.029842972755432129e+00
1.580315709114074707e+00
1.405065536499023438e+00
1.056819319725036621e+00
5.110130310058593750e-01
1.214115738868713379e+00
1.269020915031433105e+00
6.429871916770935059e-01
6.872305870056152344e-01
9.643329381942749023e-01
1.276049494743347168e+00
1.058931350708007812e+00
1.074304223060607910e+00
5.462623834609985352e-01
1.628906250000000000e+00
7.095595002174377441e-01
5.785959959030151367e-01
7.630921602249145508e-01
1.033735513687133789e+00
2.213649600744247437e-01
1.600898265838623047e+00
1.217811107635498047e+00
1.320945382118225098e+00
8.599691987037658691e-01
1.108003854751586914e+00
8.300007581710815430e-01
8.987068533897399902e-01
1.156538128852844238e+00
9.633204936981201172e-01
1.241257786750793457e+00
5.873862504959106445e-01
1.110691428184509277e+00
8.353694677352905273e-01
1.090702176094055176e+00
9.919592142105102539e-01
1.510823607444763184e+00
8.957638144493103027e-01
9.310376644134521484e-01
1.515357375144958496e+00
1.384083509445190430e+00
2.926033437252044678e-01
7.852654457092285156e-01
9.250659942626953125e-01
1.242688298225402832e+00
1.689062237739562988e+00
5.347128510475158691e-01
1.068916440010070801e+00
5.517943501472473145e-01
1.258000493049621582e+00
7.123978137969970703e-01
1.627928018569946289e+00
1.550789713859558105e+00
5.006713867187500000e-01
8.457736372947692871e-01
5.444384217262268066e-01
1.040371656417846680e+00
1.272216439247131348e+00
1.481673479080200195e+00
1.128124356269836426e+00
1.567340612411499023e+00
9.623476862907409668e-01
7.643779516220092773e-01
7.286623716354370117e-01
1.071501612663269043e+00
1.253943800926208496e+00
1.399160265922546387e+00
1.209841012954711914e+00
4.380613565444946289e-01
9.703898429870605469e-01
9.809776544570922852e-01
1.013919234275817871e+00
2.842417657375335693e-01
7.396684288978576660e-01
1.442847490310668945e+00
1.085891604423522949e+00
1.240602612495422363e+00
7.551859021186828613e-01
8.415417671203613281e-01
9.774430990219116211e-01
1.036344170570373535e+00
1.015052437782287598e+00
1.030390620231628418e+00
1.048603057861328125e+00
5.039008855819702148e-01
9.006931781768798828e-01
5.378238558769226074e-01
1.126351833343505859e+00
1.082050800323486328e+00
1.237172365188598633e+00
1.048915028572082520e+00
1.560748100280761719e+00
1.594976425170898438e+00
3.743024170398712158e-01
8.974370956420898438e-01
1.284506797790527344e+00
9.952670335769653320e-01
